Multiple size <= 100
TEST 1 ARG:26 40 12 77 51 38 88 73 14 34 41 70 22 25 8 47 58 4 50 78 23 33 79 71 98 83 56 24 10 87 27 15 42 3 0 29 99 55 19 37 2 7 76 48 95 59 1 36 85 28 94 93 81 62 17 60 43 35 63 53 92 86 30 72 46 97 90 89 67 5 74 16 11 66 18 20 84 65 31 6 68 96 75 80 69 82 13 45 49 64 9 21 39 54 57 91 52 44 32 61
TEST 23 ARG:57 46 52 37 8 17 33 32 54 66 99 81 62 23 95 44 90 76 31 85 25 64 19 13 96 91 14 29 58 86 5 42 75 70 12 98 18 16 39 47 7 11 71 43 77 73 83 21 79 49 41 87 20 82 38 10 24 45 88 6 40 55 61 27 4 78 69 22 3 53 56 68 63 60 51 67 1 48 89 0 28 2 92 34 97 30 15 72 84 93 50 36 80 9 94 65 59 74 35 26
TEST 44 ARG:97 12 9 28 86 17 91 4 96 81 89 52 58 13 25 62 99 75 35 60 84 26 46 5 92 23 39 44 0 78 21 37 82 18 74 59 98 3 64 2 29 14 20 87 30 66 42 53 43 1 79 22 94 41 48 40 31 38 61 67 45 6 88 24 15 73 16 85 63 10 7 11 54 57 77 71 95 83 90 36 69 70 8 72 19 56 65 50 76 49 34 55 51 93 80 47 68 33 32 27
TEST 54 ARG:56 97 57 64 90 77 15 48 73 87 30 66 41 60 4 42 47 74 32 31 63 78 9 37 54 14 94 26 7 34 69 55 19 13 20 17 50 81 96 6 98 83 28 86 65 52 75 71 53 72 51 27 25 1 18 38 33 67 44 93 0 36 88 99 95 49 84 91 61 70 24 85 80 8 92 16 5 76 12 23 3 2 89 40 43 21 79 82 22 29 10 11 62 35 59 46 58 68 39 45
TEST 94 ARG:32 87 1 82 39 76 95 34 97 6 63 7 44 49 27 60 85 67 3 35 62 73 36 38 47 15 80 84 54 28 33 37 75 29 72 24 94 93 14 78 71 51 56 61 10 90 98 53 79 45 65 9 30 70 50 46 0 42 64 20 23 40 52 5 48 92 17 43 19 12 41 83 68 8 96 22 11 89 4 86 18 16 74 88 57 13 2 81 25 21 99 59 66 77 69 55 91 58 31 26
TEST 155 ARG:76 92 37 47 17 20 38 66 89 64 6 51 22 24 33 14 48 5 95 16 71 44 84 46 91 42 11 60 57 9 35 40 77 28 10 69 93 23 21 7 72 68 13 19 79 59 31 56 75 26 62 1 54 82 8 74 25 94 43 97 63 18 41 2 53 45 49 85 58 98 32 81 52 88 83 73 3 67 80 27 0 99 12 34 29 86 4 65 55 78 30 15 90 61 36 87 70 50 96 39
TEST 177 ARG:48 83 82 99 35 3 38 49 10 59 81 91 73 27 46 72 74 98 58 11 22 47 69 44 55 60 90 28 31 89 75 14 65 62 29 70 8 80 85 68 30 63 54 57 36 34 67 95 51 87 61 43 2 39 15 18 88 21 78 19 52 92 64 84 6 50 0 42 96 32 25 66 53 33 86 77 71 9 97 1 37 23 41 93 79 20 26 12 7 5 24 16 4 40 94 56 45 13 76 17
Multiple size <= 500
TEST 1 ARG:-57 -35 9 190 163 164 88 -20 206 -150 73 -180 -45 -250 162 -86 243 131 188 -241 48 217 -160 -73 -4 214 -87 15 -175 -155 -233 -12 -194 -76 47 21 -96 1 185 93 -63 211 -190 152 187 -71 -111 231 -95 -171 87 32 -224 84 -185 -64 4 -27 -237 68 -40 167 -167 159 0 -213 128 -103 135 235 -137 -105 161 28 153 105 6 -26 58 -114 -232 179 98 -235 33 -62 -46 -81 -125 97 62 69 117 -133 16 132 100 95 137 -159 45 -108 -52 -85 198 -50 147 133 52 107 -51 212 -1 228 189 -97 169 -113 -196 -243 -187 91 197 244 113 111 149 148 -165 25 -84 57 -55 -222 22 -24 13 59 -110 172 139 -135 155 -47 29 126 46 -77 94 -206 -78 -164 -117 -221 220 -3 -169 -8 170 -112 -16 194 176 -6 236 241 -10 -240 12 72 -37 121 130 67 80 192 55 49 18 -192 -154 183 -166 233 -238 238 246 64 -186 -168 -242 177 -202 63 -216 -181 -229 129 142 156 110 199 150 -101 34 -2 96 -220 41 -34 -189 -128 -98 -59 -231 -195 -147 -123 180 118 23 -183 8 89 223 78 -53 -173 -82 -94 -140 -188 51 30 249 165 175 -42 -212 -88 -109 -211 -39 -178 90 115 -184 219 -176 92 35 -90 -22 221 -228 116 -25 -208 -31 108 122 -28 -247 26 -43 -225 -248 11 -19 123 -130 242 19 54 -145 53 154 81 166 -58 112 140 -13 -134 136 143 -201 -56 -156 138 -21 -36 -163 -197 -244 -246 -70 226 -236 39 -204 -214 -30 75 -191 -148 119 -215 -162 -74 -170 -139 56 -230 151 208 -193 -177 125 -158 -143 200 74 103 -102 109 101 3 -223 -60 -126 203 -203 -92 -131 -218 79 216 17 -9 -153 -83 -75 85 -122 -93 218 239 174 184 171 -210 225 -69 227 145 195 -49 181 245 -44 -142 229 -33 86 -66 -209 50 248 -121 10 -138 124 213 -119 -151 76 222 182 82 -136 -157 -115 -124 20 160 -226 37 -15 -207 7 -245 -200 36 38 40 -89 -32 196 -5 104 -116 120 -179 -239 173 -106 -174 234 146 -149 -141 -172 5 -120 66 186 -41 -205 240 -54 61 -198 201 -249 -217 -67 210 -152 65 237 -72 -107 207 -65 -100 141 114 2 -182 -234 158 43 106 230 -68 -227 42 127 99 -29 102 -14 -118 178 -38 -80 44 202 134 215 -23 -11 -99 232 205 -18 77 -127 -48 -61 -199 -17 -144 31 71 -7 14 224 -129 70 209 191 -104 168 -146 24 157 144 -219 -91 204 83 60 -132 247 -79 193 27 -161
TEST 2 ARG:-220 8 -179 64 -59 -100 44 87 -109 107 182 -187 190 158 153 192 -189 -127 133 174 -162 85 132 189 35 24 39 207 -200 -94 -91 123 58 161 117 230 45 -116 195 -71 17 113 -87 142 -247 -230 -190 194 21 65 179 -147 -182 169 101 143 -201 -225 -21 -153 -155 227 -144 237 -152 -40 -165 -90 225 -215 125 -150 249 212 -115 168 -218 -154 -238 90 54 137 -197 81 -99 220 -35 156 100 -126 -194 223 -98 -210 200 -185 18 -74 -45 170 218 197 -38 171 86 -13 114 -64 202 -63 -223 -112 50 77 83 29 57 -145 222 -86 -113 -81 -158 -235 181 5 196 98 23 208 -85 -168 -250 248 -26 -82 112 -214 172 -140 66 128 162 73 -237 -58 62 176 163 185 -67 -110 -240 166 76 -124 -46 -174 -123 99 109 48 232 -76 144 204 193 -241 -205 -148 34 -104 51 88 46 -44 188 69 30 165 -180 151 206 -12 32 -163 236 116 16 78 -11 20 -32 175 -171 136 -88 97 27 53 6 96 -34 -248 82 -207 231 60 41 -17 -142 -19 22 235 37 -55 159 122 -193 -48 211 245 246 94 -84 -131 -70 19 -106 139 -18 224 247 240 61 -242 -172 -22 238 2 152 -57 -121 217 -69 -54 -173 28 -156 -103 14 -1 -65 40 -133 55 -196 -246 -211 -20 67 -77 -107 15 124 -191 -166 -232 79 160 228 -120 -224 226 -229 -202 131 191 -244 -4 -122 25 229 244 -2 184 199 239 -245 -222 167 -169 -219 -31 -92 -96 -29 70 129 -51 164 -95 157 120 121 -41 -73 -101 1 -213 -199 -209 149 -206 -132 -37 -181 -164 -208 -3 11 -239 -212 241 -15 3 -23 47 -5 -195 233 -198 -27 -80 146 -151 180 140 -9 72 92 135 -36 26 -14 -159 80 -62 -134 119 -137 154 71 -97 104 49 127 150 110 -7 -231 118 215 -93 -139 -43 219 -138 36 216 -184 -170 56 130 -136 105 -160 102 -221 177 203 141 42 138 -108 126 31 84 -61 59 -228 -53 147 4 -129 -114 205 0 -177 -25 -28 -183 198 -141 -249 38 91 -24 -68 33 186 -117 -111 -50 134 243 -157 43 75 -102 103 -135 -234 68 111 -178 -49 -143 93 -146 -233 -30 -175 -47 -52 183 -243 -227 -75 -39 -217 -10 -128 -216 7 -89 -203 -161 13 221 52 178 155 74 -236 115 9 -60 12 -16 210 -79 -83 213 95 173 -119 242 -78 106 -186 -56 214 -42 -6 -118 209 -130 -149 -192 -204 234 -125 201 145 148 63 -66 -226 -176 -8 89 -105 -188 108 187 10 -167 -72 -33
TEST 3 ARG:231 -56 131 -216 177 -7 103 157 219 -64 94 41 186 -224 175 -61 -229 -227 221 -208 -39 -43 -207 -69 -209 104 -228 -4 40 24 38 135 -206 39 -50 -169 66 86 27 93 -12 152 -175 -243 -41 -22 -3 84 -86 -153 29 -191 -17 -249 10 150 -36 25 -15 -197 -242 -187 31 141 11 23 -98 107 121 -85 218 202 81 197 -159 199 30 -180 114 -162 -44 -195 -215 214 -20 188 -52 130 247 76 163 -179 -120 -177 -66 -117 -168 18 63 100 -151 125 205 -53 -8 -214 -167 146 238 -92 -203 -28 -90 -204 -126 115 72 3 75 -65 -45 182 16 -232 -144 -29 112 -155 55 142 -223 95 -110 -30 190 -5 -149 213 200 -88 -67 -40 -198 -133 160 127 -124 187 45 -18 -189 -70 -241 240 42 148 6 -178 20 90 -84 170 117 -80 -131 -101 217 224 80 101 195 -122 109 -25 -237 189 -210 17 225 -164 147 -33 -125 5 -35 -46 -157 203 -74 -196 139 151 -6 -109 108 -24 119 -220 19 -156 -107 169 36 212 145 -34 237 37 -103 183 15 77 -26 -49 -111 -54 89 13 226 7 122 -226 -172 -199 -102 64 198 -234 -95 129 -202 47 -188 -158 -165 -233 4 235 21 12 28 241 230 -238 85 26 -77 -222 -118 -174 -63 -14 -143 -62 -121 97 99 239 -136 -89 -154 1 159 44 118 120 196 48 236 185 -99 180 184 -201 191 51 56 176 173 113 -160 -115 43 128 -76 -11 171 71 -72 -2 33 204 91 -244 -104 -135 32 -13 137 -192 -59 209 123 -51 110 -60 -250 -137 65 222 60 -142 -119 50 58 192 82 -91 -139 53 0 -185 -82 -211 -31 -112 -48 -55 -127 -147 215 -79 -75 233 249 102 -32 -38 -129 59 -47 -106 201 158 -213 -138 62 -21 52 162 165 -58 -221 -128 -108 220 133 -205 -193 98 78 234 -83 -68 35 161 223 69 155 -73 -141 -19 229 -161 -163 -231 154 -184 -182 -152 96 207 92 -248 -148 67 -219 -116 -146 246 -190 70 14 174 -240 -173 -176 211 -100 -93 -123 -42 106 -236 248 -217 74 -235 228 144 243 138 178 181 -23 242 -183 -37 49 -239 245 156 88 -78 232 208 -186 73 -200 -57 164 227 -247 206 193 -194 9 111 179 34 -140 172 216 134 126 140 132 149 87 -27 105 -170 153 22 -225 -132 168 166 2 -105 -10 -114 194 116 -166 -145 -94 167 -130 -16 143 -218 -245 -212 210 8 61 68 -246 -134 136 -87 -113 83 57 -181 -9 -230 54 -71 -97 -81 46 -150 -1 79 244 -171 124 -96
TEST 4 ARG:-49 -103 -227 18 -205 -118 -210 -23 230 172 -7 102 153 248 -31 12 207 -135 49 -22 182 -99 -128 -232 227 -233 -247 97 -12 158 40 -150 104 -44 140 -113 -221 -60 124 2 1 184 -94 14 120 9 4 -58 -108 -249 136 -116 -146 116 -147 -109 -70 243 -224 -182 -76 185 105 133 202 -111 -157 -223 164 -120 -191 -203 -75 -180 -144 -84 -13 175 242 -228 -96 193 -186 -193 -29 106 235 160 101 -78 -154 15 28 -2 -41 245 100 -139 215 -197 168 -178 -82 -86 144 -204 -220 -93 166 99 196 126 174 -119 -219 -69 -4 -98 122 -101 61 -81 107 -5 212 92 200 -39 90 -173 208 -165 -190 159 -16 -48 -148 -143 247 10 93 -6 -161 -245 98 43 20 125 37 128 -230 213 180 -175 123 -19 154 -195 71 -156 155 72 -202 -9 -20 -45 -26 -122 26 -179 -196 19 -36 162 -65 -240 17 -209 67 -33 44 -3 -77 -54 -28 183 96 -131 -212 228 -100 -66 -201 -14 231 177 143 151 -229 138 33 24 -206 187 119 27 -213 3 -114 70 220 -35 -231 6 165 210 -92 -123 103 -11 -106 199 237 -169 111 -168 8 47 148 55 31 23 147 219 -97 241 -189 -102 -18 -199 -246 -207 -133 5 132 234 -27 169 -170 77 -149 7 -136 -239 35 -121 80 142 204 -184 25 63 240 -153 -177 -95 191 -80 -107 -53 186 239 -174 66 -40 -198 76 -171 87 53 60 188 -110 -225 152 -79 112 -130 50 -211 145 -132 -152 194 171 150 -46 -67 134 -91 -32 179 -234 34 -217 163 110 -158 21 38 -42 146 88 129 211 36 39 -250 -194 -43 22 -138 195 -59 -104 -151 218 91 137 209 -37 75 -181 114 190 181 189 -200 233 -176 246 226 -15 -215 -38 -142 94 16 127 178 29 170 -248 85 -117 198 -34 -127 -163 -218 115 13 214 109 -188 -244 56 -50 -126 -89 -236 -62 57 -237 58 59 173 135 205 82 -74 229 -164 244 206 -172 -185 62 -21 -56 64 156 -162 -30 -208 203 139 197 192 -183 236 -192 -141 -25 -51 48 -71 51 95 -166 81 -112 -10 113 161 -55 201 222 141 42 167 121 -64 -63 -52 -88 216 -134 -1 -235 -145 -226 -83 -137 -243 83 157 68 -140 -90 -238 -24 -47 -125 238 223 -115 54 89 -167 -187 -72 -61 -216 117 -129 -17 -85 217 225 -124 84 0 32 52 -222 41 79 131 -87 118 74 -105 221 11 108 46 73 224 69 -155 249 86 45 -57 -242 176 -214 149 -73 65 -160 -8 30 -241 78 -159 130 232 -68
TEST 5 ARG:-75 189 243 142 103 -29 196 166 -236 -95 -159 54 -213 -170 -76 21 -63 76 -67 -7 39 77 80 162 -146 178 234 -217 126 212 245 -206 -247 16 -249 -163 -135 43 67 -18 -42 -1 37 87 -55 -221 -201 -203 210 -102 -5 -80 -227 20 48 86 -17 -26 149 -94 -4 204 72 -8 173 -244 203 -165 -174 199 151 -143 -240 66 83 -82 -220 51 -62 -118 2 113 -171 -27 106 208 92 5 7 187 -25 171 -198 79 -133 133 -120 143 -242 -31 147 247 30 192 -211 -93 229 213 -184 225 -73 -190 159 64 14 -54 1 -172 144 -3 -187 47 154 -177 15 -218 -92 127 -179 -66 -46 -180 6 -40 107 -6 -57 244 -200 -65 -21 -107 236 239 91 -202 70 184 26 -182 -176 -128 157 -2 164 -134 146 176 -207 120 -59 197 122 82 -197 150 -137 168 -235 -156 -109 -125 94 -111 52 -70 95 -119 -16 29 -39 -121 -136 215 75 211 50 116 155 172 96 78 230 170 42 23 9 132 97 -162 -233 158 -142 201 125 -41 73 -226 -161 -84 232 -96 -44 81 101 -106 141 -20 -186 -14 -89 -157 240 174 18 186 175 193 148 100 -194 -167 13 161 -232 102 224 -113 61 -60 -19 115 -103 25 46 53 111 109 -129 -175 0 105 -117 63 249 110 220 -237 137 -192 188 -34 -24 -212 152 -79 248 233 44 45 190 -87 185 -209 -105 41 -130 131 -88 -139 223 -50 123 200 -189 8 -185 165 104 207 231 -47 -13 180 214 128 -123 58 -114 222 89 -116 -141 179 -90 205 -22 -131 93 -126 -36 11 38 -43 -149 31 246 145 -193 135 -238 28 -127 -71 -169 34 112 -38 -100 35 71 221 -178 134 177 3 -152 140 -208 -205 118 74 -243 -51 219 -145 22 -191 -214 -64 195 85 238 -230 -69 -104 32 10 17 153 -229 -74 163 -153 -160 -45 242 -115 27 182 -183 108 98 69 -58 56 12 -99 167 59 -245 -250 -11 49 136 -168 129 33 121 -30 209 241 99 90 -81 -49 -61 117 -188 -150 -35 65 -173 -83 218 -33 -138 -246 194 -210 88 60 -15 138 169 62 -68 202 -199 24 -225 -241 -78 -216 -215 -196 -97 -122 -124 -158 228 -101 119 114 -140 -72 -98 -53 19 124 -10 181 227 -77 198 237 -147 226 4 -91 -228 183 -223 57 156 -144 -239 -52 -86 -231 191 130 216 160 -164 68 -37 217 -166 -224 -9 -108 -248 -219 -154 -155 -181 206 -48 -112 -110 -132 235 -234 139 -148 -204 -151 -32 40 36 -28 -12 -85 -56 -222 55 -195 84 -23
TEST 6 ARG:-172 -106 155 53 -185 -13 -95 158 177 22 69 92 14 213 -155 33 -47 -218 -149 60 42 -21 -244 -48 57 -115 -131 -94 64 -250 210 166 -184 -3 -238 -1 -19 183 -212 238 -51 209 36 -215 -158 -124 83 -199 -74 95 -116 -80 -41 174 38 -70 29 -227 -241 162 56 -157 40 126 228 87 127 -144 -162 136 31 81 59 25 44 -126 21 94 -222 -102 146 55 34 -2 -96 -195 -22 -165 -79 -128 -249 118 150 52 -77 -137 -118 -235 -228 -76 231 -132 242 -240 121 -112 -73 -136 157 131 184 -20 -64 41 -114 219 187 152 -167 230 -105 -127 -5 148 224 -175 96 -210 199 61 23 -219 102 239 -191 108 -183 193 204 -91 140 -189 -209 63 167 90 145 -81 6 -150 2 113 18 218 197 50 -38 -242 191 137 109 -59 -247 194 46 -198 -98 -78 160 -122 -46 -104 -83 -97 -190 233 -231 -90 78 132 27 207 -16 -60 190 28 -108 217 245 -24 -7 -28 1 -58 93 164 -211 141 138 85 165 -182 -121 -138 171 73 -67 -230 -26 -245 -208 -129 153 149 -110 188 9 13 49 161 7 39 225 -159 169 -201 -177 68 3 -223 185 181 47 125 -220 -62 -166 -89 221 130 -125 182 -49 -237 -57 35 -143 -107 -181 -134 75 -45 -117 37 129 20 -63 -202 -200 -243 124 -40 -29 -87 -82 101 175 -92 -130 -170 115 66 -179 128 143 246 -71 -180 226 178 200 111 -27 -113 89 202 135 179 -133 77 43 99 -120 -156 -206 5 106 -192 107 17 -248 -17 -56 -12 234 -69 86 12 198 11 74 173 222 -93 232 235 119 237 -232 -103 82 -203 -221 15 -72 -164 186 215 -6 72 223 206 -174 -213 88 -187 -100 243 71 -205 -4 58 -11 -176 8 100 30 -173 205 -111 67 -145 -37 -197 201 -168 -224 -9 62 -61 -153 -33 -88 212 -52 -214 -226 -239 84 112 76 0 168 -152 48 196 -31 244 -65 -207 156 170 117 -236 195 139 -193 -178 110 26 10 45 98 80 -44 -160 -216 203 -119 -204 172 -85 104 -54 -163 -141 -171 -194 236 -246 70 159 -14 154 227 -15 -34 -101 -217 114 241 180 -75 -196 103 -161 -53 -188 147 -135 249 51 208 -23 65 -225 19 192 116 -30 91 -148 -109 105 -146 -142 214 -35 122 -39 -186 -147 229 -99 163 -123 -66 133 -233 220 248 -169 -86 176 123 -36 -55 134 54 -32 32 216 79 151 144 -84 142 -151 -10 -42 -229 -25 189 -8 247 -68 -50 240 -140 -154 -18 -139 120 211 97 -43 4 -234 16 24
TEST 7 ARG:112 217 153 -40 -139 100 6 46 79 140 184 -202 145 20 191 -138 -223 -140 105 48 62 -137 -2 -124 182 186 49 135 29 -211 76 102 90 -147 164 -72 -104 81 -168 -85 155 163 4 -62 208 130 -78 107 194 180 71 -242 -11 162 159 -206 211 -28 215 -25 110 177 -153 -221 -67 -65 -10 1 60 -4 -250 -86 -230 -38 78 -200 -114 111 -135 -238 -164 101 -115 -42 16 75 -53 165 204 216 7 223 117 -6 214 106 -18 222 -41 -17 -29 -193 -108 -207 57 172 185 189 34 -212 226 42 -183 213 66 -170 134 207 209 -205 138 -23 70 183 245 -61 -179 58 149 -101 -145 126 -133 54 10 -175 -15 -97 168 -195 33 99 142 152 -60 -98 143 -142 -128 -82 -76 224 22 -160 141 -159 -56 38 -136 56 98 -181 227 -244 -241 0 11 -236 199 205 120 14 232 24 150 -234 -243 -57 157 174 -247 -80 -44 47 -199 2 25 -210 32 -116 128 -129 -188 21 -55 92 161 -52 8 242 220 88 41 -16 147 -141 -148 203 -75 201 -39 19 132 -227 -109 -102 -204 158 -161 -24 -220 -74 -71 -209 234 44 -35 -127 -13 -66 -208 51 -130 197 94 17 -58 -192 -87 65 35 167 -215 228 160 -12 -240 -218 -190 -34 -155 -27 -174 210 -3 103 -125 -216 -8 -26 -226 175 -185 80 87 91 118 -100 -1 82 139 238 247 31 68 -162 -96 151 -231 28 37 137 -173 166 -187 -123 243 45 -122 169 67 170 26 30 -225 39 -99 104 -166 144 113 -7 193 -89 -232 233 114 -33 202 108 -149 -154 188 23 84 -171 3 -92 13 -21 190 -222 -79 119 -77 -117 -213 -31 96 -50 237 -186 229 148 -88 -214 -176 176 198 195 36 239 -107 181 63 -233 59 246 221 -237 -120 -184 187 86 -113 -246 -189 206 -198 -51 -163 18 -73 -194 9 -91 -229 -48 85 -235 -121 146 -105 178 -19 -110 53 -68 55 179 218 -165 -219 -182 -224 225 -131 -90 109 69 -81 240 124 -228 -157 64 -134 -152 -111 -54 12 244 -64 -5 -196 -112 5 -118 -46 131 74 -22 -95 -144 27 236 95 -14 212 -156 97 231 235 -69 123 73 -191 200 125 -106 -172 77 -177 115 219 156 -63 -169 249 -32 52 241 -167 -151 61 -70 116 -103 -245 -158 -83 93 -37 -146 72 -239 -143 -59 -178 -203 -20 230 -201 83 -132 -84 121 -197 -45 -180 154 -150 -93 -9 127 50 -249 15 -119 43 -126 -30 -43 129 192 122 40 -248 196 -94 -49 171 89 133 -217 173 -36 136 248 -47
TEST 8 ARG:48 -40 -67 28 -202 -28 121 -218 116 35 -110 -112 24 155 244 160 -92 184 -76 -42 31 181 202 -50 -149 12 -90 172 -99 -22 189 -83 -34 36 238 8 -14 -98 158 -244 -245 201 4 241 190 216 162 -62 123 -180 203 -12 186 21 47 49 29 58 125 -10 53 135 -19 10 -194 -68 -188 27 -107 107 -88 38 -231 40 -212 246 204 179 -6 46 106 -196 -243 -18 -124 96 -146 -102 -216 -79 -227 -144 187 -27 147 2 -138 109 -154 -233 142 -179 248 164 196 197 -217 159 69 183 -137 110 -15 139 -151 119 86 -57 -77 -139 13 51 -97 84 -119 234 170 75 144 -238 -85 -128 -104 -7 177 20 225 -100 -101 -26 -168 231 -52 112 -209 175 -72 11 -200 132 228 -210 124 -203 -170 115 -133 -215 32 -117 173 -174 -153 182 -197 16 205 -224 -162 220 126 -207 -61 221 -60 82 -120 -229 148 22 -122 -169 59 -37 157 64 -205 137 -160 249 41 198 95 -228 -94 122 174 -126 -150 66 -91 206 -141 -8 -16 55 118 145 -152 -163 -5 -161 101 -75 83 -147 108 -208 168 -236 -81 -113 -156 -241 237 236 -111 223 -13 -54 87 -250 88 43 52 -1 -187 117 176 129 -159 153 -246 113 -129 214 -193 74 247 34 92 171 239 90 6 218 -47 -74 -199 25 57 68 -204 -234 -24 -148 161 19 -235 -45 -82 104 195 140 42 -132 -184 178 -195 -155 209 131 -182 -237 100 219 -95 -103 -176 -185 -206 208 130 73 -164 192 -191 -189 -66 -36 7 -115 199 -201 -51 215 138 63 -55 -247 -78 -108 85 -109 -165 230 17 61 -223 111 -25 146 207 77 -177 89 165 193 -214 45 76 167 188 163 154 37 -59 -53 224 -70 152 70 79 -249 166 3 -172 134 103 -23 -171 143 -125 91 -190 -157 102 233 -41 67 9 81 5 235 94 -178 -183 97 -127 229 -46 -140 72 -136 213 -226 232 -64 141 -240 180 -21 128 -80 -239 14 -105 -4 -248 93 -84 98 -44 114 222 -87 -89 65 23 26 1 -20 210 -198 120 18 -118 30 -73 39 194 243 226 -213 227 -32 -114 156 -30 240 78 169 -134 -39 211 -130 56 -49 60 -135 -221 -211 -69 -3 -142 -71 149 245 127 -116 33 -232 105 99 -225 -166 -35 71 -86 62 242 -220 -167 -11 -93 -2 185 -131 217 -43 -9 -48 44 -17 -181 -186 -29 200 151 -56 133 -33 150 -145 0 -58 -31 -106 -65 212 -63 -242 -96 50 191 54 -123 15 80 -192 -230 -173 -175 -38 -219 -121 -158 136 -222 -143
TEST 9 ARG:172 60 -148 -230 -166 139 -176 -117 -226 239 -192 -52 -76 69 238 -35 -36 -115 -188 36 149 233 161 -239 -91 169 -71 242 155 164 -201 -22 -220 -105 28 -209 -58 51 -89 234 -45 -33 32 65 -48 113 -77 -203 -163 138 152 52 43 -43 -122 -64 3 -72 40 166 -200 -243 34 133 -47 -131 -79 -81 58 -232 -88 45 -143 -54 135 167 87 109 71 208 -206 -238 -223 -8 183 -40 -66 -110 -168 49 -235 125 -154 84 29 81 38 11 -162 -62 -159 136 102 228 218 62 -19 -98 -177 -169 168 211 17 -70 153 241 -171 -240 -224 76 200 210 -96 -189 -196 -134 196 198 98 2 8 227 224 -204 -106 178 128 -216 -217 -136 209 80 -118 -82 110 -191 129 156 -101 225 56 -153 -249 -160 137 4 94 61 -236 -107 187 -247 -225 -127 186 165 221 -104 -241 0 114 -92 -124 162 -83 -114 -190 180 99 -173 83 175 -186 -10 -147 -234 -244 -207 68 -151 -211 247 -199 -137 -41 222 -248 57 20 -26 -15 214 -142 -65 217 -32 -57 -25 -149 14 -215 -246 -202 33 -109 213 202 -208 -214 -141 -5 219 -144 46 -129 249 -31 111 192 -94 -59 -44 115 37 -222 12 31 243 150 235 -29 92 15 204 191 -12 197 -170 9 244 182 181 -229 160 42 -132 19 -11 97 -245 -156 48 90 -46 -210 220 -194 141 85 -18 -164 154 142 -231 -139 116 30 174 112 -178 -112 184 72 89 -87 -53 47 118 103 -218 -123 -20 134 -100 44 -227 -221 123 10 201 63 232 -51 -237 120 -68 -174 126 -34 151 27 -111 -39 22 -95 231 26 -75 -108 -133 -242 -113 194 189 236 216 -30 229 -99 86 131 18 230 193 -250 130 -27 176 -128 146 190 -80 -181 6 237 -116 177 159 100 -61 -38 -140 104 127 -97 171 147 25 -74 205 55 206 -205 67 -165 -157 240 -152 -93 54 -125 -172 188 70 21 96 41 53 117 -67 -145 -193 163 -1 122 -60 -213 88 105 -17 170 157 13 -28 7 82 223 79 -63 108 -102 5 -85 -138 -50 73 -21 -4 -2 101 215 -198 140 144 -56 195 74 66 -233 -6 -24 -13 50 -55 95 -7 -212 64 185 -90 -180 106 -219 -135 132 -3 -183 16 226 121 212 107 -150 -175 23 145 173 1 203 -42 -86 -121 59 75 39 248 78 -84 -119 245 -126 -103 24 -9 148 -130 35 -37 91 -120 -23 -78 199 -182 -146 -197 179 77 -69 158 -14 -73 119 -179 143 -16 -49 -158 -228 124 207 -195 -161 -167 -184 -155 -185 -187 93 246
TEST 10 ARG:33 208 157 183 -35 90 -113 -211 119 -71 -231 -182 63 67 45 -221 58 187 -227 -250 178 -1 -171 5 -52 -99 -185 -108 -88 -121 242 115 -201 189 -195 168 138 0 24 10 160 -4 193 226 -23 -76 -83 60 48 -68 184 80 -61 -89 227 -60 96 -47 -234 -147 171 93 231 163 91 -203 28 -67 141 121 -132 35 122 210 18 223 -205 -105 -158 230 -161 -243 43 -82 -200 23 -25 133 -24 148 -31 224 -39 214 -95 82 -13 -100 69 211 -154 -232 -187 -85 -59 202 -190 -224 102 152 -139 144 156 -186 -133 92 74 247 -34 -210 158 76 195 -170 -63 -222 -159 -196 53 150 -62 174 243 -15 -109 -98 177 228 -153 -58 65 175 -142 -8 -64 17 221 180 154 134 49 167 -228 40 238 131 -106 36 46 -233 -54 147 -41 206 116 -146 19 -180 -119 165 182 -66 -28 -216 -143 -173 -218 27 -239 145 -10 103 126 -32 -11 237 164 -162 -238 -97 -246 -181 -220 -120 -102 213 -122 -169 66 110 -37 -140 -107 246 -177 4 146 -18 -29 -193 6 -215 71 -184 200 -50 -156 7 -57 8 78 -157 12 130 -74 -2 194 -30 95 -167 -51 75 236 -214 127 -144 249 -134 -75 229 -38 -204 196 232 222 73 -202 -79 68 190 -129 25 159 70 209 32 140 79 142 72 -20 -56 44 14 -48 94 13 -207 233 105 -87 -197 162 -19 128 26 41 -247 -101 192 -240 -90 -125 -5 -236 -9 52 117 203 -172 -80 244 -166 -199 151 -46 -53 -175 77 37 -117 39 62 57 15 51 -176 -163 -7 -128 -78 9 -91 -174 -155 -36 -235 22 -70 220 -248 86 176 149 -92 16 -84 -223 -151 -104 108 109 -77 191 118 -3 -245 -45 113 -112 -249 -86 -150 143 -160 -65 54 124 87 -225 -206 -137 199 59 181 1 112 -21 -40 20 -230 114 172 -242 -164 241 -55 170 240 -165 -6 -16 88 42 -237 64 234 -213 30 169 245 -148 -138 55 -103 248 212 -149 -116 3 -96 -111 61 225 -130 -42 83 216 50 -127 -12 239 155 235 -14 -217 205 107 -188 31 101 104 38 -110 2 -43 -123 -135 -115 84 -212 136 -126 -93 -198 123 -27 97 99 139 218 -179 -152 98 -73 201 137 -194 21 217 161 89 -94 188 -49 -219 166 207 215 125 -141 -145 -131 135 -44 -178 -191 186 -168 -22 173 -209 120 -33 -26 -17 -118 29 185 179 -124 -241 129 -114 -183 132 47 153 -208 -226 -229 -136 56 85 -72 219 111 34 198 197 -81 -192 204 -189 11 81 106 -244 -69 100
TEST 11 ARG:233 -176 -170 37 196 158 -224 -28 -11 107 165 -67 115 -178 142 -204 -243 -149 232 128 -18 -108 18 14 9 -234 30 -44 231 200 70 247 -38 -225 -164 164 29 -113 -221 71 50 175 -227 212 -173 -20 -84 202 -72 -26 177 -217 -246 -64 62 224 -4 -165 -127 197 25 156 -114 116 -212 68 -1 -137 -181 138 82 -250 -187 205 80 -158 -130 -247 167 -249 137 54 -208 31 -94 -107 -129 -125 -40 -110 61 97 238 169 57 181 -245 -140 -8 213 121 -48 -239 -69 134 92 36 -6 -56 207 55 159 -90 186 -39 -104 76 133 -180 -155 -82 119 -75 -169 56 -98 117 -228 -248 234 -163 109 222 198 145 21 -138 -27 171 -147 -21 237 190 245 140 91 -116 -232 -50 -77 -32 -105 103 -55 160 77 -177 94 223 187 249 -185 51 -184 -53 242 53 12 -81 -172 182 129 -85 104 35 -79 108 111 -106 -222 106 216 -168 16 151 -51 195 168 -135 185 -71 -88 -42 201 -210 48 -213 -52 49 174 -10 141 84 -201 -203 112 -15 -23 -157 6 88 -24 -30 -139 -74 -200 -14 220 -141 226 -161 73 -66 229 114 -196 64 72 126 -236 -73 -86 -46 -179 -193 58 -70 -230 -233 -99 157 -58 17 -153 214 124 -9 -119 -100 -87 24 7 148 150 11 218 -162 228 -128 -63 118 -76 -118 241 -195 122 93 32 -117 27 69 210 -159 -190 -126 243 -33 192 152 -205 155 41 -80 -188 184 -220 -68 89 -183 139 -133 67 -136 125 -109 47 79 101 -34 -12 -45 143 -216 172 239 102 -19 179 244 180 230 26 22 -242 203 -146 -120 -144 -244 33 -3 -102 8 -215 -17 -229 -59 131 99 163 42 153 176 -192 199 -171 -35 -41 1 34 -207 -198 60 235 -25 96 -65 65 105 -83 178 206 -160 -49 120 162 191 204 -93 -191 52 20 149 -235 217 -103 90 -101 -134 161 -47 -121 -2 -231 -132 63 -60 -197 136 -214 0 -238 189 66 -111 219 208 132 -112 78 -37 -174 -54 2 81 -218 -115 -182 240 211 -240 23 74 -131 123 144 173 -96 -209 -124 87 -143 -91 44 146 -62 -175 -16 -150 4 -122 -206 -241 -199 -226 -154 3 113 193 40 83 246 5 -237 100 46 170 248 -97 135 -78 45 -202 39 -5 86 -151 183 -152 -95 75 110 38 -194 10 -219 -148 -31 98 -36 127 227 188 -156 -145 225 -166 236 59 -22 15 130 -142 -13 -43 154 -57 -7 -92 43 -89 13 -189 19 209 166 28 221 95 -167 147 -123 -186 215 -211 -61 194 -223 -29 85
TEST 12 ARG:34 -68 -203 64 -183 -246 37 132 -143 -75 83 68 89 -122 -211 170 -23 -25 151 -220 179 171 -40 -104 66 -112 234 -153 74 189 2 -210 -73 33 -118 -160 -239 -247 -110 -222 -45 -219 -173 134 137 93 223 -126 209 -135 117 85 -186 -93 -138 202 52 -161 59 181 -15 32 8 216 142 -164 -70 -242 -86 18 159 201 94 -43 245 -57 -18 31 -155 -50 172 47 228 98 226 -204 -206 -139 25 108 -54 -179 169 55 -227 -129 -182 238 -2 219 -236 220 6 229 7 0 86 56 -176 -42 176 -201 -106 -198 -19 38 92 105 88 -128 152 -174 -190 155 67 -233 -125 177 -33 197 -249 146 -24 62 212 161 -185 -102 233 230 -199 21 -231 19 -5 73 178 70 24 145 237 -131 26 -41 71 240 184 -21 -37 3 91 -156 111 -101 -152 -90 -184 -121 -74 -216 -31 -63 -8 -237 -30 40 79 -226 90 -169 -9 -177 78 13 30 112 77 43 -146 -76 -245 222 198 -6 -189 119 225 72 80 148 128 -117 -166 164 208 29 -83 203 194 -89 -82 242 140 -103 -81 61 69 173 114 82 162 -243 46 -10 -241 -141 224 199 185 95 -230 -32 -127 -238 -165 231 -154 -137 87 188 -224 141 167 5 -105 200 -22 207 -207 41 235 -217 241 131 -188 -221 -193 -232 -114 -3 113 -145 -130 -100 9 54 -11 -66 -212 116 -124 -26 -46 -167 -80 -4 -12 133 125 135 -20 236 11 -69 -158 81 214 -200 143 12 -229 -55 60 15 -150 -214 63 136 215 1 76 -95 4 49 -48 -159 232 -215 102 48 -92 -119 65 -191 -107 213 183 217 -62 187 249 204 180 53 165 196 -116 36 195 101 -148 -36 -225 -168 -39 -61 -180 106 57 -59 -172 -71 -244 221 -196 -144 -209 -109 -65 130 14 42 205 147 -111 27 -16 -120 -38 139 -250 168 211 20 100 -140 190 84 218 126 -58 124 138 118 -49 -157 -248 -142 -134 186 -175 120 -67 166 -35 22 127 -149 97 -133 17 247 227 23 192 122 45 -56 160 -99 -115 -14 115 -240 -192 96 50 -235 -7 157 -194 243 153 -132 99 16 -151 244 -147 -178 -84 51 -88 110 -228 -136 -34 -53 -223 -51 -52 -170 -195 206 121 104 -205 -123 -78 144 -1 103 -162 -27 58 182 -108 10 -97 -64 -87 156 28 -72 154 -197 175 210 150 -79 -202 -29 -234 191 39 -13 149 -187 -163 239 123 163 -213 -85 -17 246 174 -28 44 -208 -77 -98 -94 -91 109 35 158 -113 -96 -218 75 129 -171 -44 107 -60 248 -47 -181 193
TEST 13 ARG:204 -200 173 43 122 -185 -113 -207 154 -29 -78 88 -43 -83 -32 -34 -248 129 238 -237 145 7 -242 31 -47 -169 -161 189 226 98 -194 143 212 -40 -222 178 -197 -65 -45 -128 -127 -84 137 -186 193 -101 163 -209 102 -228 -9 231 -211 0 230 207 132 103 106 57 -220 -35 -183 74 -171 165 61 -199 227 -238 -155 -212 -105 -198 221 -139 -57 164 188 -132 101 -195 -130 114 174 90 211 -46 150 -232 184 117 -187 -59 2 -95 -62 -121 -86 155 14 -30 111 39 -204 -90 146 37 105 249 -144 213 -10 20 -52 -201 -109 229 89 -21 23 125 161 214 -138 -146 86 81 -219 168 -119 135 11 76 26 -133 64 248 202 -149 -75 -88 -55 232 247 29 220 -217 -58 -104 82 42 -33 59 -176 246 -141 -210 186 217 -191 94 -39 33 62 200 84 -224 -122 -50 -157 215 115 -3 121 191 -223 -37 219 -126 -107 68 -247 -48 -71 110 235 -164 48 -51 -225 10 166 183 -74 -73 -205 -68 -215 124 176 17 -15 38 -173 -97 -103 152 24 -76 78 -69 210 177 -23 -152 -108 179 75 -250 -147 170 128 -153 -8 -218 159 47 140 69 -118 -82 239 206 123 -190 -160 5 12 133 169 -102 -150 25 119 -134 -112 -168 91 -111 -243 -145 -180 203 -17 16 -87 175 -202 -49 -184 104 -66 182 54 97 198 -16 65 -123 3 208 118 -125 187 -213 108 41 156 -154 63 60 144 -22 4 -72 1 -131 -221 6 -178 -98 99 -208 13 -196 180 243 199 233 -244 36 -19 148 19 -135 15 80 -175 -182 -64 157 22 -230 -214 -44 -24 52 50 -106 -26 34 -14 -36 -1 -13 134 236 -20 -166 216 -193 -142 -5 -188 79 46 158 142 240 -89 -41 147 55 -6 -226 222 44 -192 -25 -249 -177 67 153 71 -31 100 160 -235 113 -12 225 -100 237 -137 -7 -56 -117 151 244 -140 49 149 9 -203 139 -148 -2 8 196 -53 112 30 -116 223 70 -94 -4 -172 -61 -80 -96 92 192 -79 -27 -181 -99 -234 -77 -11 -54 53 -28 -231 -236 190 -245 -163 130 -124 141 245 -229 -151 95 172 185 197 -246 40 -159 -81 120 242 -162 126 -216 -143 96 56 127 -38 -115 107 -93 -92 66 -189 241 -67 -156 194 224 136 -241 -206 234 -114 21 72 205 171 209 -170 -63 18 -233 28 -240 83 -85 -227 -91 195 -239 138 -179 -120 77 181 -70 228 -42 218 35 85 -18 -174 51 201 -167 27 58 87 162 45 -158 109 -110 167 -129 32 73 93 116 131 -60 -136 -165
